H = [  -0.060  -0.950   0.307   0.000   0.000   0.000   1.000   0.000
   0.000   0.000   0.000  -0.060  -0.950   0.307   0.000   1.000
  -0.022   0.843  -0.538   0.000   0.000   0.000   1.000   0.000
   0.000   0.000   0.000  -0.022   0.843  -0.538   0.000   1.000
  -0.855   0.487  -0.178   0.000   0.000   0.000   1.000   0.000
   0.000   0.000   0.000  -0.855   0.487  -0.178   0.000   1.000
  -0.810  -0.540   0.227   0.000   0.000   0.000   1.000   0.000
   0.000   0.000   0.000  -0.810  -0.540   0.227   0.000   1.000
  -0.995  -0.064  -0.078   0.000   0.000   0.000   1.000   0.000
   0.000   0.000   0.000  -0.995  -0.064  -0.078   0.000   1.000];
R = [7.150   0.000   0.000   0.000   0.000   0.000   0.000   0.000   0.000   0.000
   0.000   0.250   0.000   0.000   0.000   0.000   0.000   0.000   0.000   0.000
   0.000   0.000   4.583   0.000   0.000   0.000   0.000   0.000   0.000   0.000
   0.000   0.000   0.000   0.250   0.000   0.000   0.000   0.000   0.000   0.000
   0.000   0.000   0.000   0.000   4.233   0.000   0.000   0.000   0.000   0.000
   0.000   0.000   0.000   0.000   0.000   0.250   0.000   0.000   0.000   0.000
   0.000   0.000   0.000   0.000   0.000   0.000   4.251   0.000   0.000   0.000
   0.000   0.000   0.000   0.000   0.000   0.000   0.000   0.250   0.000   0.000
   0.000   0.000   0.000   0.000   0.000   0.000   0.000   0.000   4.204   0.000
   0.000   0.000   0.000   0.000   0.000   0.000   0.000   0.000   0.000   0.250];
V = [-25520114.062
 510.266
-1277.428
 -27.267
-1288.583
 483.936
-1289.126
-635.321
-1288.712
-452.272];

HTR = H' * R;